﻿Date,New Cases,Total Cases,Daily Recovered,Total Recovered,Daily Dead,Total Dead
14-Mar-20,1,4,0,0,0,0
15-Mar-20,0,4,0,0,0,0
16-Mar-20,0,4,0,0,0,0
17-Mar-20,0,4,0,0,0,0
18-Mar-20,0,4,0,0,0,0
19-Mar-20,0,4,0,0,0,0
20-Mar-20,0,4,0,0,0,0
21-Mar-20,0,4,0,0,0,0
22-Mar-20,0,4,0,0,0,0
23-Mar-20,0,4,0,0,0,0
24-Mar-20,0,4,0,0,0,0
25-Mar-20,0,4,0,0,0,0
26-Mar-20,1,5,0,0,0,0
27-Mar-20,4,9,0,0,0,0
28-Mar-20,2,11,0,0,0,0
29-Mar-20,3,14,0,0,0,0
30-Mar-20,2,16,0,0,0,0
31-Mar-20,0,16,0,0,0,0
01-Apr-20,0,16,0,0,0,0
02-Apr-20,0,16,0,0,0,0
03-Apr-20,0,16,0,0,0,0
04-Apr-20,1,17,0,0,0,0
05-Apr-20,0,17,0,0,0,0
06-Apr-20,0,17,0,0,0,0
07-Apr-20,2,19,0,0,0,0
08-Apr-20,0,19,0,0,0,0
09-Apr-20,0,19,0,0,0,0
10-Apr-20,6,25,0,0,0,0
11-Apr-20,0,25,0,0,0,0
12-Apr-20,3,28,0,0,0,0
13-Apr-20,11,39,0,0,0,0
14-Apr-20,5,44,0,0,0,0
15-Apr-20,11,55,0,0,0,0
16-Apr-20,11,66,0,0,0,0
